10,126
9,5
3,2
3,1
3,3
10,142
10,172
10,178
10,208
10,312
10,246
10,132
11,2
8,9
8,4
8,14
8,6
8,11
8,12
8,2
8,3
62,4
62,3
62,2
62,1
62,0
61,3
61,2
61,1
61,0
60,3
60,2
60,1
60,0
59,4
59,3
59,2
59,1
59,0
58,4
58,3
58,2
58,1
58,0
56,5
56,4
56,3
56,2
56,1
56,0
53,5
53,4
53,3
53,2
53,1
53,0
51,5
51,4
51,1
39,3
39,1
20,3
20,2
20,1
19,3
19,2
19,1
18,3
18,1
14,3
14,1
13,3
13,1
12,3
12,2
12,1
11,30
11,29
11,28
11,27
11,26
11,25
11,24
11,23
11,22
11,21
11,20
11,19
11,18
11,17
11,16
11,15
11,14
11,13
11,12
11,11
11,10
11,9
11,8
11,7
11,6
11,5
11,1
11,4
